9 7 4 1 6 5 8 3 2
1 6 5 8 3 2 7 4 9
8 3 2 7 4 9 1 6 5
7 4 9 6 1 8 5 2 3
6 1 8 5 2 3 4 9 7
5 2 3 4 9 7 6 1 8
4 9 7 3 5 1 2 8 6
3 5 1 2 8 6 9 7 4
2 8 6 9 7 4 3 5 1

9 7 4 1 6 5 8 3 2
1 6 5 8 3 2 7 4 9
8 3 2 7 4 9 1 6 5
7 4 9 6 1 8 5 2 3
6 1 8 5 2 3 4 9 7
5 2 3 4 9 7 6 1 8
4 9 7 3 5 1 2 8 6
3 5 6 2 8 4 9 7 1
2 8 1 9 7 6 3 5 4

9 7 4 1 6 5 8 3 2
1 6 5 8 3 2 7 4 9
8 3 2 7 4 9 1 6 5
7 4 9 6 1 8 5 2 3
6 1 8 5 2 3 4 9 7
5 2 3 4 9 7 6 1 8
4 9 7 3 5 1 2 8 6
3 8 1 2 7 6 9 5 4
2 5 6 9 8 4 3 7 1

9 7 4 1 6 5 8 3 2
1 6 5 8 3 2 7 4 9
8 3 2 7 4 9 1 6 5
7 4 9 6 1 8 5 2 3
6 1 8 5 2 3 4 9 7
5 2 3 4 9 7 6 1 8
4 9 7 3 5 1 2 8 6
3 8 6 2 7 4 9 5 1
2 5 1 9 8 6 3 7 4

9 7 4 1 6 5 8 3 2
1 6 5 8 3 2 7 4 9
8 3 2 7 4 9 1 6 5
7 4 9 6 1 8 5 2 3
6 1 8 5 2 3 4 9 7
5 2 3 4 9 7 6 1 8
4 9 7 3 5 1 2 8 6
2 5 1 9 8 6 3 7 4
3 8 6 2 7 4 9 5 1
